bc_train_time = [0.0018067359924316406, 0.06789684295654297, 0.14522290229797363, 0.001252889633178711, 0.0005869865417480469]
bc_test_time = [0.06498098373413086, 0.07267117500305176, 0.07519102096557617, 0.06551814079284668, 0.07495284080505371]
bc_test_score = [0.8881118881118881, 0.9370629370629371, 0.951048951048951, 0.951048951048951, 0.9230769230769231]
bc_f1 = [0.9090909090909092, 0.9425287356321839, 0.96045197740113, 0.96 , 0.9371428571428572]
bc_precision = [0.9302325581395349, 0.9764705882352941, 0.9770114942528736, 0.9882352941176471, 0.9647058823529412 ]
bc_recall = [ 0.8888888888888888, 0.9222222222222223, 0.9444444444444444, 0.9333333333333333, 0.9111111111111111]
classifiers = ["Decision Tree", "Boosted Decision Tree", "ANN", "SVM", "KNN"]

titanic_train_time = [0.0017900466918945312, 0.014275074005126953, 1.0585441589355469, 0.011755943298339844, 0.0007789134979248047  ]
titanic_test_time = [ 0.06725382804870605, 0.06751894950866699 , 0.09732794761657715, 0.1081380844116211, 0.08622407913208008]
titanic_test_score = [0.8881118881118881, 0.8301435406698564 , 0.84688995215311, 0.8492822966507177,  0.8229665071770335]
titanic_f1 = [ 0.9090909090909092 , 0.8135593220338982, 0.8048780487804879, 0.819484240687679, 0.7861271676300577]
titanic_precision = [0.9302325581395349, 0.6956521739130435, 0.75, 0.7258883248730964, 0.7010309278350515 ]
titanic_recall = [0.8888888888888888, 0.9473684210526315, 0.868421052631579, 0.9407894736842105, 0.8947368421052632 ]